8.068564534187316895e-02
1.190870478749275208e-01
2.919582091271877289e-02
-4.102410748600959778e-03
1.577903889119625092e-02
1.476799487136304379e-03
-6.031061988323926926e-03
-3.084087558090686798e-02
2.507453970611095428e-02
2.785764634609222412e-02
-2.147532068192958832e-02
8.992704004049301147e-02
-3.559133782982826233e-02
-9.574321657419204712e-02
5.576708354055881500e-03
2.804190106689929962e-02
-3.948366269469261169e-02
4.320849478244781494e-02
-2.434094808995723724e-02
4.742310382425785065e-03
-5.628995597362518311e-02
1.223960705101490021e-02
8.676041034050285816e-05
3.641412407159805298e-02
4.057992994785308838e-02
1.817365735769271851e-02
-1.195299345999956131e-02
-4.533736780285835266e-02
-3.539351001381874084e-02
4.053284414112567902e-03
1.841677725315093994e-02
5.958048254251480103e-02
-1.411448568105697632e-01
2.647649683058261871e-02
-1.205425485968589783e-01
4.598387703299522400e-02
-1.774962060153484344e-02
-7.275514304637908936e-02
-3.345599770545959473e-02
6.858014967292547226e-03
5.167495086789131165e-02
-5.653594061732292175e-02
1.021657790988683701e-02
-1.767453737556934357e-03
2.886645495891571045e-02
1.979884505271911621e-02
-6.095366552472114563e-02
3.485438972711563110e-02
-7.863432168960571289e-02
-5.275528132915496826e-02
-2.598846144974231720e-02
-5.623389501124620438e-03
5.147505551576614380e-03
-2.479578135535120964e-03
3.161257877945899963e-02
-8.306236937642097473e-03
-5.274691060185432434e-02
-2.601555024739354849e-04
-3.163827210664749146e-02
5.717294663190841675e-02
1.010486036539077759e-01
4.404919967055320740e-02
1.176248490810394287e-02
1.940656569786369801e-03
-3.548507764935493469e-02
5.491225048899650574e-02
-2.987488918006420135e-02
-9.176454506814479828e-03
-3.375853970646858215e-02
1.214074715971946716e-02
6.185999140143394470e-03
-2.663616463541984558e-02
-2.281392067670822144e-01
1.234852895140647888e-02
-9.400832466781139374e-03
-4.646765068173408508e-02
-7.146673649549484253e-02
2.840840315911918879e-04
-1.347434055060148239e-02
5.419147387146949768e-02
-1.570895314216613770e-02
-1.099802106618881226e-01
-1.003199722617864609e-02
-3.653825819492340088e-02
-4.129409790039062500e-02
2.266228571534156799e-02
-2.299365401268005371e-02
1.162840146571397781e-02
-4.652355611324310303e-02
-1.456146407872438431e-02
1.232472900301218033e-02
-3.285275073722004890e-03
4.181813076138496399e-02
7.413329090923070908e-03
-5.943494290113449097e-02
5.924185365438461304e-02
-4.059454426169395447e-02
-2.552629634737968445e-02
5.840724334120750427e-03
-1.781055703759193420e-02
-1.018270328640937805e-01
9.510092437267303467e-03
-1.683508232235908508e-02
-3.852621465921401978e-02
-2.560217631980776787e-03
9.577935189008712769e-02
1.584648899734020233e-02
2.126839011907577515e-03
1.790343783795833588e-02
-8.652483671903610229e-02
-6.412875652313232422e-02
5.571694299578666687e-02
-3.844686970114707947e-02
-1.115408353507518768e-02
-3.882400225847959518e-03
2.198792621493339539e-02
1.421778742223978043e-02
-4.118163604289293289e-03
2.663534507155418396e-02
2.079233992844820023e-03
-4.204151034355163574e-02
-3.255027160048484802e-02
1.018273085355758667e-02
-3.723780810832977295e-02
3.421739861369132996e-02
-1.329247560352087021e-02
2.180348150432109833e-02
3.582124039530754089e-02
3.805164992809295654e-02
2.654822729527950287e-02
2.164280042052268982e-02
2.314243651926517487e-02
8.347346447408199310e-03
-2.199635928263887763e-04
5.922158062458038330e-02
4.742264375090599060e-02
5.413868278264999390e-02
2.808544598519802094e-02
-2.351999469101428986e-02
4.517436772584915161e-02
9.174209833145141602e-02
-4.319177940487861633e-02
-8.674033917486667633e-03
2.473541349172592163e-02
-4.443476721644401550e-02
4.049833863973617554e-02
-4.721537232398986816e-02
-1.025362405925989151e-02
2.432272583246231079e-01
8.662670105695724487e-02
6.999212503433227539e-02
1.456042565405368805e-02
2.143352292478084564e-02
-5.663881078362464905e-03
9.141170978546142578e-02
-1.030862517654895782e-02
-3.536672890186309814e-02
-5.950845777988433838e-03
1.754216477274894714e-02
1.898215524852275848e-02
-2.654095366597175598e-02
-1.005708146840333939e-02
8.568859659135341644e-03
4.463378340005874634e-03
-3.481883928179740906e-02
2.119624428451061249e-02
4.532179236412048340e-02
1.147981435060501099e-01
7.545382529497146606e-02
8.116847276687622070e-02
2.573443949222564697e-02
1.977773383259773254e-03
8.537681773304939270e-03
8.508899807929992676e-02
3.543400391936302185e-02
4.351411387324333191e-02
-1.830661855638027191e-02
-3.744519129395484924e-02
-2.170785516500473022e-02
-3.561166301369667053e-02
1.162655930966138840e-02
-3.046932630240917206e-02
-2.268732152879238129e-02
4.141800850629806519e-02
1.365838386118412018e-02
2.493399567902088165e-02
-5.640058219432830811e-02
8.897246792912483215e-03
-2.772003784775733948e-02
-7.988858851604163647e-04
5.017000064253807068e-02
4.271052405238151550e-02
-3.077616915106773376e-02
2.549422346055507660e-02
-1.433135382831096649e-02
2.422614954411983490e-02
2.770430594682693481e-02
-8.537335321307182312e-03
1.638342626392841339e-02
8.197106420993804932e-03
-6.158790364861488342e-02
-4.754741489887237549e-02
-2.314327470958232880e-02
-2.000680833589285612e-04
5.742477625608444214e-02
-4.560585692524909973e-02
1.267980337142944336e-01
7.944746874272823334e-03
5.535766109824180603e-02
-3.579677268862724304e-02
-6.334457546472549438e-02
-6.005674973130226135e-02
1.022045873105525970e-02
-3.385632112622261047e-02
-1.839811541140079498e-02
1.897548325359821320e-02
6.314418464899063110e-02
2.207631431519985199e-02
-2.595119178295135498e-02
1.632776856422424316e-02
3.115733154118061066e-02
2.011094242334365845e-02
-5.284334719181060791e-02
1.906619220972061157e-02
5.066604167222976685e-02
1.132136397063732147e-02
-5.000673979520797729e-02
-3.265209123492240906e-02
-8.715472184121608734e-03
-7.643460482358932495e-02
-2.120915427803993225e-02
4.416672512888908386e-02
-9.052756428718566895e-02
-1.230258587747812271e-02
-1.401699148118495941e-02
-5.836092680692672729e-02
-6.602226197719573975e-02
3.556860610842704773e-02
-4.566817730665206909e-02
-8.934356272220611572e-03
-2.717406116425991058e-02
3.687548264861106873e-02
-4.713989049196243286e-02
1.418724656105041504e-02
-1.844962313771247864e-02
2.220343239605426788e-02
5.518977995961904526e-04
-5.398891121149063110e-02
1.364411711692810059e-01
-2.740589203312993050e-03
-3.480439260601997375e-02
4.475950449705123901e-02
5.271204933524131775e-02
-4.035346210002899170e-03
8.374882861971855164e-03
-1.144294161349534988e-02
2.589467540383338928e-02
-5.740246176719665527e-02
-8.148962631821632385e-03
2.690849825739860535e-03
-9.829033166170120239e-02
-1.483781822025775909e-02
-1.031414419412612915e-02
-1.398306619375944138e-02
-8.216042071580886841e-02
-5.568262189626693726e-03
-8.184582740068435669e-02
-5.016607046127319336e-02
-2.271312288939952850e-03
2.426618151366710663e-02
-7.548113912343978882e-02
2.326858974993228912e-02
-1.646644994616508484e-02
-9.606552124023437500e-02
-1.574278622865676880e-02
-3.108547069132328033e-02
1.427400298416614532e-02
-2.517340704798698425e-02
-2.146141370758414268e-03
-1.268251612782478333e-02
-5.181675031781196594e-02
-1.011606901884078979e-01
-9.616878628730773926e-02
-3.421948291361331940e-03
4.551072791218757629e-02
-3.257662057876586914e-02
2.643478848040103912e-02
-2.789734117686748505e-02
-3.659712150692939758e-02
-2.720615826547145844e-02
-3.735981136560440063e-02
7.155211269855499268e-02
1.046073623001575470e-02
-2.068434841930866241e-03
-2.892096899449825287e-02
-4.966172575950622559e-02
5.275838449597358704e-02
-7.193257566541433334e-03
8.775722235441207886e-03
-2.524218708276748657e-02
-1.322590373456478119e-02
-1.003274228423833847e-02
4.942565411329269409e-02
-6.228994112461805344e-03
2.379216253757476807e-02
4.310859367251396179e-03
4.822698235511779785e-02
-1.312551274895668030e-02
3.728719800710678101e-02
-1.013453453779220581e-01
4.017359763383865356e-02
7.525991182774305344e-03
-3.050629422068595886e-02
2.932381816208362579e-02
-4.385606385767459869e-03
-3.525736927986145020e-02
2.038200199604034424e-02
3.599922358989715576e-02
6.232459843158721924e-02
5.304656177759170532e-02
1.337678544223308563e-02
-4.579741880297660828e-02
1.129920631647109985e-01
6.904658395797014236e-03
4.954743757843971252e-02
4.378627613186836243e-02
-8.374429494142532349e-02
8.250728133134543896e-04
1.045245490968227386e-02
6.376158446073532104e-02
7.736530154943466187e-03
3.381354734301567078e-02
-5.719084292650222778e-02
-3.022058866918087006e-02
-1.900179870426654816e-02
8.513022214174270630e-02
-6.757310591638088226e-03
-4.019538871943950653e-03
5.910668149590492249e-02
7.426112890243530273e-03
2.604920044541358948e-02
-4.788928106427192688e-02
-8.731259964406490326e-03
2.363420277833938599e-02
4.563231393694877625e-02
-1.191340833902359009e-01
-9.672595560550689697e-02
-9.129403159022331238e-03
-1.154166460037231445e-02
3.305601328611373901e-02
4.826410114765167236e-02
7.030837237834930420e-02
4.893000586889684200e-04
-6.503286212682723999e-02
2.784790098667144775e-02
-1.971866190433502197e-02
-3.090152051299810410e-03
-3.749928250908851624e-02
2.530423551797866821e-02
5.775839462876319885e-02
2.243418432772159576e-02
-1.388023141771554947e-02
-2.589207328855991364e-02
2.470678277313709259e-02
-2.434820681810379028e-02
2.925795130431652069e-02
-2.210364677011966705e-02
-4.581860080361366272e-02
-5.507068336009979248e-02
3.716147691011428833e-02
-3.133790194988250732e-02
5.018619820475578308e-02
1.049071829766035080e-02
3.419883176684379578e-02
-2.120750583708286285e-02
2.223234251141548157e-02
-2.252487838268280029e-02
4.494800046086311340e-02
-5.279602482914924622e-02
-1.266682054847478867e-02
9.163042530417442322e-03
1.556575857102870941e-02
-1.318335853284224868e-04
-3.026533639058470726e-03
-2.458585985004901886e-02
-2.873263694345951080e-02
1.700828084722161293e-03
5.317158997058868408e-02
-2.663004398345947266e-02
-4.569821804761886597e-02
-1.897742226719856262e-02
-3.334065899252891541e-02
-1.719594188034534454e-02
-2.082745544612407684e-02
-8.215036988258361816e-02
6.229364871978759766e-02
7.591467350721359253e-03
-3.719427064061164856e-02
-5.381315946578979492e-02
-3.161379694938659668e-02
7.507845293730497360e-03
-3.284141048789024353e-02
-1.188430413603782654e-01
-4.470034036785364151e-03
1.099284738302230835e-02
-1.612648367881774902e-01
3.257929161190986633e-02
1.537186801433563232e-01
-1.939877867698669434e-03
-5.975765734910964966e-02
-4.661237820982933044e-02
-8.352497220039367676e-02
-7.536887191236019135e-03
-3.176937997341156006e-02
5.415933579206466675e-02
-4.187180474400520325e-02
3.844127431511878967e-02
1.464401744306087494e-02
2.667858451604843140e-02
1.315864641219377518e-02
1.536988560110330582e-02
-8.783871680498123169e-02
-1.276033814065158367e-03
7.989954203367233276e-03
3.492135927081108093e-02
-3.064733557403087616e-02
-2.524272166192531586e-02
7.708232104778289795e-02
-4.142045229673385620e-02
-4.294646903872489929e-03
-1.030847355723381042e-01
-3.097661212086677551e-02
7.586325984448194504e-03
4.524346813559532166e-02
9.745302796363830566e-02
-4.829375818371772766e-02
1.692381501197814941e-01
2.686280608177185059e-01
7.931297644972801208e-03
-1.681869849562644958e-02
4.185471218079328537e-03
6.720761954784393311e-02
-1.044059451669454575e-02
8.234480023384094238e-02
-4.658750444650650024e-02
-1.172304227948188782e-01
1.489852089434862137e-02
-9.051360934972763062e-02
-3.950232639908790588e-02
-1.891508698463439941e-02
-1.661599613726139069e-02
1.616533612832427025e-03
-1.766922324895858765e-02
1.662916131317615509e-02
-2.367232181131839752e-02
2.378506399691104889e-02
4.015845805406570435e-02
-3.798983991146087646e-02
2.130248816683888435e-03
-1.917924545705318451e-02
-5.772691965103149414e-02
-9.824808686971664429e-02
-3.205968532711267471e-03
2.233093418180942535e-02
4.885698854923248291e-02
-8.947938680648803711e-02
1.249484643340110779e-01
4.336762428283691406e-02
5.637181177735328674e-02
-1.661057397723197937e-02
2.799311466515064240e-02
-6.480434536933898926e-02
4.728490486741065979e-02
-1.171704102307558060e-02
2.662961371243000031e-02
-2.399465814232826233e-02
-3.740912303328514099e-02
1.467613875865936279e-01
6.155803054571151733e-02
1.420841272920370102e-02
5.790264811366796494e-03
-3.089621849358081818e-02
1.925198920071125031e-02
2.752127498388290405e-02
-1.314403954893350601e-02
-9.907226264476776123e-02
-6.203172728419303894e-02
7.775440067052841187e-02
-2.988127525895833969e-03
-2.769073285162448883e-02
6.255518645048141479e-02
7.777960598468780518e-02
4.997234791517257690e-04
2.541339956223964691e-03
1.824602298438549042e-02
-1.867268979549407959e-02
-9.436944499611854553e-03
1.982987485826015472e-02
1.012081094086170197e-02
-2.947463095188140869e-02
-1.331364065408706665e-01
4.464951902627944946e-02
-4.941527917981147766e-02
-5.245006456971168518e-02
-6.909786909818649292e-02
-1.342720631510019302e-02
3.263008221983909607e-02
-4.270756244659423828e-02
5.006883293390274048e-02
-1.170836202800273895e-02
-6.535196304321289062e-02
4.167741630226373672e-03
5.978167429566383362e-02
-2.103328518569469452e-02
-1.094333594664931297e-03
-6.318625062704086304e-02
1.379604078829288483e-02
-3.903072793036699295e-03
-1.352336537092924118e-02
-1.949984580278396606e-02
-1.593583263456821442e-02
6.028841435909271240e-02
-7.041915506124496460e-02
-1.099891960620880127e-01
-4.309767112135887146e-02
-7.449812442064285278e-02
1.743022724986076355e-02
7.180524989962577820e-04
1.890357583761215210e-02
1.143884938210248947e-02
3.251551836729049683e-02
4.023036733269691467e-02
3.338753059506416321e-02
7.481360342353582382e-03
1.032724417746067047e-02
-1.901086792349815369e-02
-1.403615903109312057e-02
7.098703831434249878e-02
-2.741577662527561188e-02
9.887932240962982178e-02
1.716349087655544281e-02
-2.200753986835479736e-02
5.069345608353614807e-02
-4.617283865809440613e-02
-1.142223477363586426e-01
-5.589730292558670044e-02
-2.340321661904454231e-03
4.044364392757415771e-02
1.073848363012075424e-02
-5.191095545887947083e-02
-1.032070349901914597e-02
4.000040888786315918e-02
-1.373853534460067749e-02
-7.508351653814315796e-02
-1.503476407378911972e-02
-6.471357494592666626e-02
-3.524636849761009216e-02
-1.469801645725965500e-02
4.617008939385414124e-02
-7.366585545241832733e-03
-9.233424812555313110e-02
-1.362627092748880386e-02
4.392489790916442871e-02
1.904495805501937866e-02
-8.836670964956283569e-02
7.375386357307434082e-02
-5.139685422182083130e-02
-5.591908004134893417e-03
2.252647280693054199e-01
-6.889322400093078613e-02
6.358100567013025284e-03
4.437500983476638794e-02
3.298609703779220581e-02
9.422768838703632355e-03
-1.988832466304302216e-02
4.622000455856323242e-02
6.511052697896957397e-02
4.377223551273345947e-02
1.263862382620573044e-02
-1.098137535154819489e-02
1.513407565653324127e-03
1.081552542746067047e-02
-7.316945493221282959e-02
-2.500949241220951080e-02
-6.936744600534439087e-02
2.931901998817920685e-02
1.886365748941898346e-02
-9.959979914128780365e-03
-4.393157362937927246e-02
9.003289788961410522e-02
2.590286359190940857e-02
2.430871874094009399e-01
6.022590398788452148e-02
-6.099094171077013016e-03
4.059799760580062866e-02
2.480585500597953796e-02
2.434777270536869764e-04
-1.623581908643245697e-02
4.907651245594024658e-02
7.150167971849441528e-02
-6.108092889189720154e-02
6.802265997976064682e-03
-8.045465685427188873e-03
7.855800539255142212e-02
-6.575967371463775635e-02
-1.067157648503780365e-02
-6.787485629320144653e-02
5.432269722223281860e-02
-5.546063557267189026e-02
-2.950137294828891754e-02
-1.076727136969566345e-01
1.217036414891481400e-02
-2.589804492890834808e-02
6.800447124987840652e-03
3.575122728943824768e-02
1.431091129779815674e-01
9.619702398777008057e-02
1.455699745565652847e-02
-2.147106453776359558e-02
3.851460665464401245e-02
-1.003742218017578125e-03
-3.560235491022467613e-04
5.481995642185211182e-02
-4.407090134918689728e-03
-3.691136091947555542e-02
3.107019513845443726e-02
3.059694916009902954e-02
2.379170246422290802e-02
-4.113429412245750427e-02
-5.652013793587684631e-02
1.987575367093086243e-02
-3.768432885408401489e-02
-1.417505647987127304e-02
-7.060407847166061401e-02
-2.329274453222751617e-02
-2.980785258114337921e-02
2.839517546817660332e-03
-6.125561147928237915e-02
-7.650773040950298309e-03
-2.089893445372581482e-02
4.590430296957492828e-03
6.047964096069335938e-02
1.704837083816528320e-01
-3.563205525279045105e-02
-1.425123307853937149e-02
5.635562539100646973e-02
-6.526110321283340454e-02
-1.607272028923034668e-02
-5.925484374165534973e-02
2.976953424513339996e-02
1.842166855931282043e-02
3.827365860342979431e-02
1.607928308658301830e-03
-2.086524106562137604e-02
-5.789607018232345581e-02
-5.078984797000885010e-02
6.191925331950187683e-02
-3.090178035199642181e-02
-9.681322611868381500e-03
2.552097104489803314e-02
1.839501596987247467e-02
7.786445319652557373e-02
3.671377524733543396e-02
-4.096491634845733643e-02
-4.295488446950912476e-02
-4.752766713500022888e-02
1.072624698281288147e-02
3.663903102278709412e-02
5.132013186812400818e-02
4.769228398799896240e-02
1.696316711604595184e-02
-3.761737421154975891e-02
5.817567557096481323e-02
3.009507246315479279e-02
-1.843543350696563721e-02
-1.773006282746791840e-02
3.618953377008438110e-02
-2.577315457165241241e-02
-5.723637714982032776e-02
4.320973530411720276e-02
2.372011914849281311e-02
-9.440187364816665649e-03
6.771588698029518127e-03
1.212324574589729309e-01
6.050324812531471252e-02
6.691954098641872406e-03
1.796201430261135101e-02
-1.093802228569984436e-02
8.433107286691665649e-02
-4.127747192978858948e-02
-1.803186163306236267e-02
4.232054203748703003e-02
-1.565444841980934143e-02
-8.251564577221870422e-03
-1.571559347212314606e-02
-2.899056300520896912e-02
1.589495688676834106e-02
1.264643389731645584e-02
-5.408276617527008057e-02
-7.408171892166137695e-02
4.940445069223642349e-03
6.479240208864212036e-02
-4.556050151586532593e-02
3.460859507322311401e-02
-3.724674507975578308e-02
-1.641899906098842621e-02
-2.695603482425212860e-02
-2.095407247543334961e-02
-1.258644182235002518e-02
3.732404857873916626e-02
-2.481571398675441742e-02
-5.523551255464553833e-02
-3.530799970030784607e-02
-4.907156154513359070e-02
4.383740946650505066e-02
-1.139057129621505737e-01
5.046480521559715271e-02
-8.094337582588195801e-02
1.330102328211069107e-03
5.444686859846115112e-02
3.918195515871047974e-02
3.236164897680282593e-02
-3.606752306222915649e-02
2.387590706348419189e-02
2.784084901213645935e-02
-2.988633327186107635e-02
-5.291286855936050415e-03
5.568949878215789795e-02
2.773649990558624268e-03
8.988403715193271637e-03
-3.275618702173233032e-02
-2.591719478368759155e-02
2.340718731284141541e-02
6.674252450466156006e-03
-4.050207883119583130e-02
-4.291978850960731506e-02
-2.105454355478286743e-02
-2.658412605524063110e-02
-3.410097584128379822e-02
9.764416515827178955e-02
5.508928745985031128e-02
6.368925422430038452e-02
-1.279223896563053131e-02
-3.585994616150856018e-02
3.838497400283813477e-02
-2.562972251325845718e-03
-5.391890183091163635e-02
-1.076979190111160278e-02
-3.338635433465242386e-03
-1.140767615288496017e-02
-1.728176511824131012e-02
9.728643298149108887e-02
-3.527047112584114075e-02
-3.258907003328204155e-03
3.101595677435398102e-02
2.700204774737358093e-02
-9.482938796281814575e-03
-2.700187265872955322e-02
5.183825269341468811e-03
2.429722994565963745e-02
-8.214949071407318115e-02
3.091746754944324493e-02
1.629017479717731476e-02
2.440395578742027283e-02
-2.617115713655948639e-02
-1.011974960565567017e-01
-7.059726864099502563e-02
1.058406475931406021e-02
2.382257953286170959e-03
2.079515531659126282e-02
5.186685174703598022e-02
1.172645296901464462e-02
-1.453744806349277496e-02
7.716814987361431122e-03
-3.219144791364669800e-02
4.162934608757495880e-03
-6.605089455842971802e-02
-1.031085266731679440e-03
1.212626695632934570e-02
-9.258003532886505127e-02
-4.311536625027656555e-02
-1.308834739029407501e-02
-4.187303408980369568e-02
-1.796472817659378052e-02
1.008712407201528549e-02
-1.210159659385681152e-01
-3.603554889559745789e-02
2.050657570362091064e-02
-5.104218050837516785e-02
-4.754128679633140564e-02
3.594090044498443604e-02
-9.801735170185565948e-03
-9.457311779260635376e-02
2.155477926135063171e-02
-1.269908249378204346e-02
8.069865405559539795e-02
6.525151431560516357e-02
1.003083661198616028e-01
-3.105825930833816528e-02
9.248794056475162506e-03
-8.425008505582809448e-02
2.032350935041904449e-02
-2.014264930039644241e-03
-4.505871981382369995e-02
-7.980831898748874664e-03
-2.835024846717715263e-03
-3.512002527713775635e-02
6.706047803163528442e-02
-1.828115619719028473e-02
-5.080471187829971313e-02
-4.537000507116317749e-02
1.262541860342025757e-02
2.004342898726463318e-02
-2.186974044889211655e-03
1.016015335917472839e-01
-7.493380457162857056e-03
-6.402865797281265259e-02
-5.584814026951789856e-02
-2.117794565856456757e-02
-2.176327258348464966e-02
1.692941039800643921e-02
-4.914003424346446991e-03
-5.201768130064010620e-02
2.715856768190860748e-02
-1.922214590013027191e-02
-1.521799014881253242e-03
5.816729739308357239e-02
-4.533770680427551270e-02
-5.154522135853767395e-02
3.147243987768888474e-03
-3.056070394814014435e-02
-3.333328291773796082e-02
-2.704527042806148529e-02
-3.196707740426063538e-02
2.887222543358802795e-02
-7.548152655363082886e-02
1.671738736331462860e-02
-3.832094371318817139e-02
-7.831849902868270874e-02
-1.706324890255928040e-02
1.455007959157228470e-02
-6.547938566654920578e-03
-3.893980011343955994e-02
1.351638976484537125e-02
-4.298919439315795898e-02
-3.433013707399368286e-02
-5.446960777044296265e-02
-3.873902931809425354e-02
-9.294216870330274105e-04
1.785466633737087250e-02
2.544815279543399811e-02
-2.598155848681926727e-02
-3.040508134290575981e-03
8.124202140606939793e-04
-2.362622693181037903e-02
3.902408853173255920e-02
-4.529316350817680359e-02
-1.044579595327377319e-01
6.012625992298126221e-02
3.699762746691703796e-02
1.450252626091241837e-02
-3.551709279417991638e-02
-2.474251203238964081e-02
-1.977165043354034424e-02
2.086507342755794525e-02
2.432683482766151428e-02
1.365795079618692398e-02
-3.893997147679328918e-02
-4.127222672104835510e-02
3.320911526679992676e-02
-4.427461326122283936e-02
2.845930121839046478e-02
-4.708634316921234131e-02
2.020538784563541412e-02
-6.844755844213068485e-04
-3.444883599877357483e-02
8.646806329488754272e-02
-1.699998159892857075e-03
-1.566182449460029602e-02
-8.241577446460723877e-02
-2.153242006897926331e-02
-3.117687255144119263e-02
-3.542529791593551636e-02
3.988309204578399658e-02
8.103545010089874268e-02
-4.283619672060012817e-02
-5.483309924602508545e-02
2.895074151456356049e-02
-1.627091690897941589e-02
4.173242300748825073e-02
3.704787790775299072e-02
-2.865861915051937103e-02
3.862499445676803589e-02
2.446604520082473755e-02
-8.653734624385833740e-02
5.836983397603034973e-02
1.667443662881851196e-02
-4.307468608021736145e-02
1.014777198433876038e-01
4.945300146937370300e-02
-8.632053434848785400e-02
2.131682820618152618e-03
-1.238452270627021790e-01
-4.100662097334861755e-02
-9.594160132110118866e-03
-6.141152605414390564e-02
-1.966448687016963959e-02
2.778359130024909973e-02
1.834925450384616852e-02
1.521711796522140503e-02
3.521151840686798096e-02
-6.528811063617467880e-03
5.336345359683036804e-02
-7.401764392852783203e-02
2.259623818099498749e-02
8.086179383099079132e-03
-7.417119294404983521e-02
-4.007105529308319092e-02
3.271379694342613220e-02
-5.779875069856643677e-02
-2.610986120998859406e-02
-6.138463504612445831e-03
-7.669130712747573853e-02
7.750003039836883545e-02
-3.996136039495468140e-02
-1.118262484669685364e-02
5.594606325030326843e-02
3.905025497078895569e-02
-7.630918920040130615e-02
9.021887183189392090e-02
-3.170251846313476562e-02
5.594079941511154175e-02
-1.685391739010810852e-02
-4.997108597308397293e-03
1.262239459902048111e-02
4.474571347236633301e-02
3.090488724410533905e-02
-3.836062923073768616e-02
-4.974721465259790421e-03
1.574145257472991943e-02
-5.766767263412475586e-02
-8.576218970119953156e-03
6.684856489300727844e-03
-1.720966771245002747e-02
-1.585253328084945679e-02
3.439662978053092957e-02
3.686566138640046120e-03
-8.650936931371688843e-02
1.014682371169328690e-02
-1.587904617190361023e-02
-9.205082803964614868e-02
4.283683374524116516e-02
-2.349385246634483337e-02
1.202466562390327454e-01
2.089728601276874542e-02
1.034797169268131256e-02
3.808620199561119080e-02
-7.000484317541122437e-02
5.640079826116561890e-02
1.374798733741044998e-02
-4.257393255829811096e-02
-3.706078231334686279e-02
-1.041800621896982193e-02
-7.018662989139556885e-02
1.588097959756851196e-02
-2.702401950955390930e-02
-1.922978907823562622e-01
1.397590991109609604e-02
4.187733680009841919e-02
-2.957532368600368500e-02
8.742789179086685181e-02
4.914880916476249695e-02
2.496425062417984009e-03
7.708948105573654175e-02
5.395611748099327087e-02
-7.489318028092384338e-03
1.097809523344039917e-02
3.326528519392013550e-02
-9.078199509531259537e-04
-4.661585018038749695e-02
-1.495328033342957497e-03
-5.027027055621147156e-02
-9.634163230657577515e-03
-4.774214327335357666e-02
2.748620882630348206e-02
3.300587832927703857e-02
4.394327849149703979e-02
4.886808991432189941e-02
-3.000125288963317871e-02
3.021799772977828979e-02
-5.484662204980850220e-02
-2.927982993423938751e-02
6.246667727828025818e-02
1.301835477352142334e-02
1.302825845777988434e-02
-5.750428885221481323e-02
-1.098174694925546646e-02
-1.965298131108283997e-02
-7.007510960102081299e-02
-6.531751155853271484e-02
2.447399683296680450e-02
5.210400372743606567e-02
1.103765238076448441e-02
7.394292857497930527e-03
1.154413372278213501e-01
3.111981786787509918e-02
-4.963177070021629333e-02
6.782892625778913498e-03
-3.686225041747093201e-02
9.712132811546325684e-02
-4.333610195317305624e-05
-1.041952446103096008e-01
4.994511231780052185e-02
-5.314299836754798889e-02
-1.439469633623957634e-03
-2.081851288676261902e-02
-6.987919099628925323e-03
-7.073356211185455322e-02
3.277070820331573486e-02
-7.100055459886789322e-03
-8.639047294855117798e-02
5.286433733999729156e-03
1.425725501030683517e-02
-1.201371662318706512e-02
